19036436981969744819801496 7554245334212304322635044921539209350400
220899848370119511047938296 2354201773976598744170041193673176191200
376332279712874379808505496 306301183516237038818930099168842022400
258048743697128601954921816 694173202918956552232183957433808039360
-460331218413753794858012904 10365808163848239218749982621000581507200
17397109543003664790963096 7587548938388349582290233287170340844800
-384072270552558490294341864 11171713875166964943923106475655770826880
-331742570508019620539852904 11349167414807576691349415772654752812800
-263529090086743518264601704 11223200560107505453719070747173201388800
387399038759393804894593656 1232955739107306744691611673374886818720
776105069490703991633961816 17055812704521063918705812256401113959360
416374289884814246652364056 2573693596314614294080663578912704292480
975427561542073161485555496 26267643459322538332614515090006057672400
420811897204058575936294296 2754471775507253958009032363035454803200
259182797137619797466416296 599535311685017302126152222741251002800
261683002248338007564058008 310797043839833040393928229589415379712
2178269776324446397397887896 98621937740566477192284399753427325817600
259645915276797135985130136 556792967952854052946831984846247109120
214345905872103199384407576 2575580655864228148180483300970459245440
262418169451640318634997656 145497032125076948123394562658806206720
418332869423077587310687896 2653851376645671337458340765818543782400
1800877649361351425123014296 73127999380048469371085906264038975756800
205399506462277995694008216 2865692309985020685706404489539059933440
423670527115880290152473016 2869477281953734908812964309156473796960
382682706829744403974607256 937001001747290440737031383827145457920
497608384198422857126495256 5708193791828881981529857221360919393920
395568966707258304464787096 1659932011818784186561926466694145907200
