167200119388 37752800887987200
183506285788 45403545046492800
123248115388 31075360515151200
-49916058212 90543728900203200
80724784988 43427018752121600
130578661948 -30484503608412960
29443495388 -64175479805571200
541561596508 -368283860096670720
601330674268 437097025001825280
164940132748 -36861003456215760
-264095841812 36300682473440400
-76306826212 96357431866484800
225552489052 -71524975296291840
123299544988 -31068982336161600
-534234212 75436524630187200
-261719980052 41033900542109040
-250124063012 57832625745129600
379646208988 -200368000250582400
