18968209164694166713140 968541160754475767804132564758800
18690324979779830931540 1031123417007314473474253553313200
20376134100185345916420 664654844918126138920901210134800
71213501168992297305540 16618189701639676085526583806886800
29601989170649337330420 1988366203381528219935095417170800
8901921600261745070820 3171608706812861861967335446350000
23726846460916208636740 516013148443814500135048659794800
31375214776457603896740 2493047188841137720377402521905200
23042544303138085087140 423786193519852821828933685681200
29083867821637421016756 1843820905988857648904493113612304
42669154891055126832540 5993029086486763278424409721136800
22638285418903788506040 398665549683163420621604850736800
4223919634570283046840 4063431182911457745266886734344800
22245091031513489839140 400172003541389232500175848401200
29651191569446833984740 2002165917163270893375093176065200
161154665641708677809220 62961613443535770495600017088812400
20028140590449751895940 736571339251170895174374588898800
22892654728258068362140 411484856683855697950605993431200
-24329001429042786412860 6727891953738475304900826783181200
22669443593326388357940 399664915327539829548318837481200
-15857395711549462607460 6546106972388167730855476739863200
35837659444953571317540 3821121724261723862682351723886800
33410500214298758083740 3089150954521152188911425500104800
29385551556696291128340 1927811081226553704354345820174800
24259123703963310765316 616184814555677708769710015742736
24878350565106851501220 750719574269214453276009308708400
213021171911607261224260/9 13671528372184722694004352604092400/27
