3756950835792 -316498343703112620
4515178956036 -2347715742389151624
3684995072472 548532705358153740
6053954930772 8193343739744048760
5211917401992 -4914641792575213020
3935693948676 -333790943731137144
3905043175152 238420825517103180
1778446487076 6356058955045738344
4778825462376 -3302962795525301244
1889845419672 -6048639956599549260
3829152415872 -126816975335944740
1764460713624 6394355113884535476
9826143073152 -25035641843753574180
4537220290092 2426804342084423280
4701620344344 3021165342131186124
3929727819444 -314738929486406376
5606273558004 -6426720642775069224
3567736384359 933941911796362224
31999426232172 -177373578959043611760
