-44156780079684152 10310890773012744462387840
24507820554101368 -2691590037011949641327760
62077326641476168 -11062441475656241006730240
46329605398852168 -5333192281140753051509760
41895779247326488 -3929963309397532979011440
39984712167695688 -3375898067926596575650560
65755708527945568 -12520547933247524022609240
29833076837928328 -1890510740662337758311360
686271118138370248 -566813770131319240237868160
3202921095604168 -7387657119556647981989760
-58626224740839272 -5747486710859464845914640
7782590285398984 6456333140682046491931776
25051674584420968 -2581343558004627537881760
30050810789604088 1877711892091732051795440
185816572988370808 77063478371889513234690960
10741784243823688 -5817032684580629596930560
43111341761492488 4300511503747132134901440
31617003729004632 1853249916075385252811568
61880812258165384 -10985672656685279547618624
18669608920956568 -4003410179413957534644240
