-212092413142500 233593421755334097600
-211304252152092 353378469563089793856
-209056953881232 566603508136087108656
-116649752888592 1920941628875690796144
-111682902834588 1912997071610595988992
-95375536373700 1856677354961787658080
-83573890081788 1788069331545681040992
-79698660761700 1760502339022011511680
-44092277693892 1381678004597079114144
-38583004822428 1299260015523784017792
-29172069477372 1137950921557066050144
1212122600211556 41545920017764598220928
10636439471096124 1096749785949848729235936
0 0
