10659781700 696624570400300
-1371896800 -2329468525104200
-121521578127605604458911702888251190095077681/27003048991127024456665553603853025 11688101894745556323111511889601075758731613663168279879783614207122/4437304237555415274671841863007816423934601131427375
28518243140 -3651277251545900
-10849398700 -3000049869163100
12588785880 531254105316000
18983362680 1362695476101600
19030720800 -1372603015542600
144440618800 -54261535279380600
-12248332160 -3025807047115800
-23786053160 -1854116064103200
12523456464 -533621984516568
6582355515 1282604698955100
116884653016 -39265935071378976
13089185276 -523193682627284
-24816825384 -1462389314681376
24260979416 -2568264943531424
