153512232596 -4712021943744960
658434315092 506823203206489728
165951995516 18952398619806600
157219694276 10353981516443760
95713120004 -11914393054628688
195155299724 42144284188203288
206170567052 -50615383623499032
1178683499092 -1258254996851385728
220320886612 61584917941076608
153283699796 -4169042251282560
-82789130156 -86787741220848512
171126362396 -23325505194744360
182201506324 -32144342093499712
635153000164/9 -792194125010232880/27
-57152511852 -81511115104971840
102561633812 2238915474393408
102656181812 -1822017319605408
