1471927877169736 -278360878899030369750000
5005575478678936 50156690617848510057600
143130840819736 385296636046183344000000
509949975039736 -357928031000121247260000
3298209322197811 -90867166815039897142350
33680917069969624/9 61925976195465318272000/27
31102557559683736 5339324119127873110992000
-8469112164140264 -147006412662103757280000
4916321776947736 -30108715916569675584000
5029793302231096 -54712023762599328508320
-8403677983370264 178691719913233832970000
6033820767077656 -198464351060734645635840
-102690398862464 -402700606342058214653400
-6561186779180264 -490038710605045812000000
6680617323059736 285972008638874335680000
6995913479619736 -329277893554034434800000
44908612707872536 -9392615066431736860358400
-4342388047385864 562927911798886518376800
8389758300133336 -527994411806295099220800
