22198819812044 24768687421660513500
52226026792484 311362987760699572620
851603790584 -121173443829520891920
44282935194224 225034631260217686440
-19178287591056 -176333326761151559000
16873220884064 -26777014031656479240
22259821757744 -25148664600848404200
22114485495959 -24250394183965561170
21125408232044 18962888016956890500
26386885445816 -56037618868463386128
36869290526444 -150352391230492405500
21578940348944 21180643331763915000
20846141202740 -17826280887985222140
7409129453744 86063867994586084200
23007553681244 -30095630600557128300
20969467354640 18303866763572964600
-28859639179216 159538206343647507480
21035939636984 -18577540246826031120
33863568217140 -121826584477298288900
