5087086738620291028 -156990352517058422260921145760
18127994385539478868 27403479591438464837562808800
2859404051666742843068 -152880851054238711285849753149000
15268056260165888068 69790688452207105650034614000
107517070938759647516 1016839077207234294945051784664
-47841721736018799524 188783719974933912441134832024
-50516494475883999212 149408546206108778312930125920
-44656465615370491532 220969794296431272323709878400
-23280799051766976908 -276672386279301878286828570240
154704401546820861268 1840147203162721419914338591200
13568532849305239156 -87651907988812748089655642496
-33916111622957463692 272745570711863774356394808960
75422511559818904468 541537281130817890895523674400
36761971684409467483 44809367687094284121950214840
56160039102956937268 -291964529716335963819464932800
-19316329883760392132 270042995832891602848414687800
40186571937561406708 97062530477468063793082237440
35838105740467879892 -21472997570857930200964673120
41588729168682292948 115146164878328973507604405920
42459052709795867188 -126040868976246620049105439680
54517823630616518068 -271840937742488697842180376000
