1043346041671754080 893081141553580255466045856
196111926723653200 174811849311121086127006944
-728304756650811080 -175459023723199840772292144
494793422895929032 129704696189337381144666480
342958014488085256 27468213684279163332801264
3515368492157822560 -6484618814897787490033851744
-732484671226681256 160866733315895247605442192
-172325390886012104 418288825937354212500804144
1320496099907761036 1358767757689758819943315776
147654309438904528 216549138645817305717156768
80644788079339744 269750414016516013640867808
-658011228671806568 -319730645555603371259155440
8588977932789002424/25 -3332435050622859187053251568/125
320887715363670988 -53533407166558063287143328
5046001183957113640 -11244439465115942765873937744
158560784087353336 -207391874649381446918431824
332455878608011768 40473857546173239789989808
466295754699679528 96040998134413718074193232
-340305263742486068 460742228140112508653537760
-508166107622797364 438209884951824146141556576
