55452928937414260 -232764447574879180364804400
301624863840007960 29251238359560315587388900
-560204232618776780 -282419101998462360253024560
316375210199695360 15888863331991224515209500
-29190352357272140 285823825909911762758142000
328880522426481004 -7988579936417338969871160
255693824482161460 -71895724644603015390920400
384071710613284660 -55471625579999585009710800
117487858945993514860/361 -63361534909184978928834972600/6859
-120648037946513540 331521215059518895606595400
3246882272436625360 -5765292143055070631641135500
-221821971694146572 365883927929142185991604176
248680520581057960 78274455562810981573713900
6316086132923260 -264756362093521586104073400
200256535244912860 120964214392802203415223000
413046305928739735 -86052141562091512650843000
260830094163544300 67195399099432864344959160
-571731214039377140 -269178444696856057676313000
340304445057777760 -12685015819488352268567100
-602160228492235700 225750476638001738421389160
