69041911360 -327936756150432
68985111760 504517283816832
96901990464 -10522672532326240
45627571840 12694246709889888
1138480336 -28582811775323520
162554577464 -48868889855831760
81039621304 860683475205840
63513721784 -4528825765155120
55339047064 8469213750705840
56835885264 7784164926200960
-102692368448 -38552790059520672
84853007364 -3886790967600640
-13298548608 32531079324986528
67570961752 -2083741022250672
110136806292 -17703996366099472
884378090160 -823167539479231232
155912503597 44664916210304247
