34013269367804 375082856842128261120
104001120685244 -506206476546169694400
106648921611644 554681552673290313600
47926503070844 -136353369774693052800
1368901041922364 50465538718874847610560
43758502709844 -223746948507249864200
28375361682044 -449802289831536028800
116535120890684 735002016024269810880
-107927872709476 -900761988324168462240
83828344867364 2418425492538895560
-116220953047396 -783368999670555234720
1511209127854396/9 46607421698240060621600/27
103421648435324 495557877413028320640
100105945372964 -434178896072706018360
43700658574124 224794444761021738960
11408129007036 -645070874543412186688
89542561717244 -222874013256762470400
83854023298044 13837184540559923200
-119731344688516 -718144437542821188480
