-50934761019084 -86656451677437183360
28465370380596 4353436586260245120
23102514525876 16537434413415202560
87087243028116 719248755397653193440
21312574938804 -35937938530715649792
28542531318996 -6994072793429510880
20648674826292 -42132314256284284032
32733410206828 57285158509436905320
41414133215604 146463646174328054208
1385583597876 -180126687405314509440
31214706520692 41650619437368282432
-10765790865772 -236842594339005272800
55562990854884 -304902164172801603408
88233079982196 -735789444169308285120
263863268253652/9 -544847991773983614080/27
-41999204171724 217389982851795411840
-51079373848588 -81712529878258956352
91223150531844 -779414045872927129392
