19529045744270128 83647422604080262699200
22840281838745008 -710227777800683399400000
21759975424449328 433103309195219097864000
19355391351129328 135142872919435798560000
19636182403886608 -42501020475514051994400
15136670982610672 -1137099972009652148729088
17375165106508528 -621850130910843823929600
38558273863594408 -5202997968142222083178200
20327840652375088 34152629827892370724800
7040620674266128 -2807161756156587816511200
28927532206730608 -2344746043583412826262400
19630554956167408 45225975213400255084800
20904343537780483 212447137061018460679650
37133216134579488 -4759791535141860001527600
1312796886069471088 1503649909338825509985187200
18463446108997384 -361441161278805823448376
20625552034659088 -136884650615563576096800
21840850046480608 453792897922751037987600
-750367278204202137248/18769 137146605959613037866884348400/2571353
