-76535561606016447628421914360 -2812479686913309020555108636126133784542240
-27108001863007714106705798200 -14652033970546412861737074102054432216482400
1018285825817133570233193030928 1025384727247430346323951150005128657218373144
-53777023856943771809121094792 -14094777013032298245758050244212484974732176
239441636678133852928535820400/9 95801207568996647556785726447571445050852200/27
-4674647678588835255400718800 11571973751606579058306668718599168613435000
47412969604447900355724624200 -2653212031724178678051464131533736206324000
-77133121354385850973217111560 79322954900562323020738240034477116242960
21983654365774523144983977325160 -103073688730719545169146942308660934676951762240
464269574832833143889825283800 313213763277335433769141944280326501596799600
283454152261521123201024156200 -147025658633889231022127656941461285570160000
100696876963199925262330842920 26126363463595186029737134847372131250017920
1071679625314662197202614739320 -1107306998383611207335407345800594198270637680
30958493188088833645255955375 -1976823348964882365122031289654245843733200
-42577693259675103994226188600 15059210252322447654122321919838400446807200
33013814992590891949523464400 -1001286461262750966822315253025699720389800
52449890108127422199495122600 -4707404693300733705793336131563698217318400
184879209691287657833539903400 74855180619848119314522460094122286796499200
446544220667541036950037348468721093160/14682411241 -3902591214471053057165516426155735120886598250288155215040/1779082452483211
30270144198879188448282615831005590760/696062689 -10047147949876437239976930401196256572302143033331958720/18364221923887
-389848028904215719101294816602200/43681 112686985891565607185165829936076562945191415961600/9129329
65858016531162238414859292200 -10168282872879720634873943236081499600880000
18351855345121186903515722987939560/405769 -430107240840703530886923484230919108696093272948480/258474853
319000610801822621237691626600 176478389733181413903711518091096926156577600
19613141162252744208507961928 -5714258760976141805673653278770818695194144
-47805618637235929843418921064145/961 -434791035648063017941200146375580566290523478120/29791
11029444267747883376820725373728677295646280/203910488956729 -15617440011527224067850351441904470741759501398437573462226641440/2911785299096649106067
