51077496376 38527935161015520
503282378692 199570597115063328
-413295352564 148830261439559920
-104335510076 175507748248437792
-44331371464 141569481236854880
55285030036 26306168807666880
42518582188 55790090441022960
422592188716 -60825590635510800
-438510106568 115705362118550688
56934180484 19570746018127392
629005404076 -369419638502288880
-89658177164 168313133909574720
-91969906364 -169490693317540320
-184477411784 -203552852859021600
788857808788 589108208538801600
13691698036 -93337010959389120
1261545519052 -1330736230952848368
