617697307929513000 -96205711674693758451678000
585485342530208400 24890457765159973825675200
303200116114304325 -242224255380339872638751025
-1029814615364778600 -170089166321828201180350800
587467574867187840 32305880765825753886334080
15120701489720087436/25 -9147439634424880314191099616/125
263131439432161125 285989641761929977008057375
688538617974924672 -205081492590192453737718528
601357557338755560 -66384184671566442154553520
671983384460581200 -180595402077196200310070400
435551997540570645 71942998795782752438535735
707395846574581500 -232800767562668661226458000
451208149956577020 40062176555050153235637360
458293856149674552 -14339883411182058203296368
919826245223942700 -552005285069221233349881600
582468101267649240 -648471041673797535495120
1205857216007075496 -1022715060877717950120066000
625214509093385400 108705794434857605500678800
342115484754239112 197516554324421307813412848
450666550807329045 -41443411904600605502053815
