28151963576 -2136836156796000
41405263856 -3192982493005800
39956705756 -2776187923056900
34274331296 1622751143293800
29598911540 -1867278345865812
64014436976 -11318154200836200
-33341044704 -12037912631604200
-25609208644 -11834990626961700
42291096980 -3460096417289292
-28048483144 11946483630655200
672941872196 550118461343724900
24378863795 2999698799513328
35448331076 1760992112614500
213351414551 95353356895795350
2132469296 8171384742037800
515505140 -8486083156970988
20143414196 -4054444342253100
