16763293201798999864 -19137527379155941587223996032
17478638345815518880 -24294207952409416892052265512
2874729004927942456 59550162940954105427362253184
14728666703642516776 1798112846004357964048837584
83070413073972820504 -728931431359321529814484989408
317930679418697060344/25 -254681736853860177957986761728/125
-26514650391424795592 39100607522826588759900147840
-17057751382697451704 -99244612235942080237197966384
15332749748490804352 8399253576090485138480588424
14799088832949332920 -3065056243642050006243578112
11871203144769885496 9979265801676452015262143616
12117628519305163192 -8146442946109200654283312896
14690519050410652600 280607208131547776108627712
11985219143016029776 9147233192307581707147252584
12765857551926439384 -539189970549867732041021088
8302401272809104040 31943315265319257219822113712
4022102970568517752 54199904851767188123698435776
16720797581515234072 18830333984124899404393546464
2877025098629352952 -59539720443944479224238973376
3136929419548218016 -58350803876740065769814437416
