4148192411120795177788 174239055841154960830609299830400
2560607689276621826908 8931035984841023826582255110400
8215515531545032362283 671712937161478415349750643028850
-252494436924143857397 162335292364347599963709718755750
3033356276097950346763 62943339553075209197016568750950
-2788158603217289971772 208623820196297273118883866495000
45658075077491929165528 9721361788909384009743586453668300
3566698532361610014784 115139360992780319686376291728476
379676503986386976195388 233936292921176954344798936407196800
2546260383716194381252 4339903442544632493658846299672
16808005640269923574588 2124506485303774723404677115216000
1755950485601477048284 32045145211118288709388417065024
-4221380972281206148292 109182723218492001713983435939200
-4483981678698660975212 31813348468026227026044906437400
1904005083966936387208 15744926107438266176295842886300
2559799791371049058492 8732047045765084535003611088448
45374293429909818890233/16 2776529524032956142636678777962475/64
2541668599439235342183 0
