2452559345482731616 -3271109243527050942005589600
2206986507446157568 2688090371300500695839261952
566887983345473536 430926031543708117563632640
3686653799437494016 6587905650173149507779974400
965177465927159616 -214532153304782663524574400
-1498176497943068384 1040323050770780616085989600
2711617083756626176 3915211937391370973270833920
909649315937161216 137927091213653724669772800
105461293470927616 -998554883052134330389958400
-303869364585741824 -1359504508580444445721582080
1640297030926249216 -1451970123992077660027948800
995247860013692416 -260831511343078839376012800
87296336672430016 -1017680016576828901502606400
1023143252344316416 -305408832345000947762035200
1071555164105687392 385351105440849464692295520
-198009314414666624 1280963605053170383584919680
849396059229723136 -93439355152059467875484160
1075427750588007376 391860441052541360544181680
1219568668005246976 643183029691017781956756480
88266091453117291936 829146507875622959278201414560
-1002924735437659904 -1539808742914332439890781440
