32685689369859225861936 -55750678197917390977935250725120
62025781287005808594096 -8730594851872080141095018442364800
44159633009697463179696 -1158621128442106886234644215849600
-4498406112382507763664 -11249908826512655994028845558727680
63916104606699087464496 -9513078947360264578779854272896000
45988268906481604424496 -2131630340790563675338276736736000
31858032464483047544496 -1006609999187298470277682985616000
8231519155563121019376 -8479183229278781578922499814117440
44054256931765695376536 -1088700246844489189852269242995080
43317248122998546018096 -409775485886507242008733382956800
23395007952852920225616 -4272794160719902064585073772676640
46553646143434089181296 -2391380000482293770238748081022400
27473336667921246824496 -2909948077071076281447693822336000
29524414409764227235056 -2134339618674134961079677112345920
-73679969573460082196304 -5221340435873864793002403018441600
21974677190840918065296 -4715379519064494053616773524994400
43497450572504384778096 -635242243810418975309267926036800
51136161741410430486576 -4316311638537159953678666913192960
20029787160345131290896 -5301891335957216549706357239239200
145246811100027974458896 -50400536297727830225711242960216800
31836479367869330396016 -1020457402167971587410676968442560
-51683620583023411861104 -13914682782449410511203565888776800
-71444457487113968535504 -7270725059490019365491245888896000
78028993989173783197416 -15593070203621642307900139900844760
-69265112376303317071824 -8703936934813474984395980650275840
134130011244660346637496 -44016050270953435840668272608839000
