1447816692616624 25588596794136112592856
3074588426443864 118183170121315026663936
2064673367651224 -39989693867523357013056
-2791495876798376 94907440979046423737856
648274086946648 -64363299708142279934208
1197437366563768 -35974337258798462395872
1449473980689064 -25539274437714930228336
924975246809944 49985158946158970037504
1664793078509800 23189640741035484691248
-1246013262349064 -129398477808296344630752
1223605825079968 34707762094635453495672
-3087222830839664 60395839176257583396552
714046195901368 60992571517255383733728
496516601382040 -71964819734856890482368
2273244480094456 53986753268816504143392
-678216525708392 118016283475185856592832
31054147776896728 -5451014426644958538525312
-50561702433107624/25 -16044669082304015786208576/125
1196978225635984 -35996776645332215858376
