-86074941688621944 -3826052719172430399198000
-64648206067298184 -16141018606210354111775520
15505632630204168366648/249001 -893318999911764592864775431474848/124251499
-58182533695390344 -17235370634174868094264800
-10943447218123569 14984597972302629880482000
40501763245275456 490755557185931661460200
3158804137952496 -12075757290426685639918680
228385634227786349/4 -40580602870403484638329125/8
-86508737672417664 2722269703123161291423960
32031119608667256 -3840872313425830356146400
51202757674891856 2700652028006531337593400
39813455784046656 904551874393304633995800
47163719466523056 945975373214925392703000
3783283387226376 -11929018056654718748623440
67970737930867896 -9585982315987480262976480
83439420979577528 -16461108679283532541382112
55061784887204856 4252448291872230867362400
-11881236741286152 -15149100390775749660164448
-86902684425574152 873029104257975032900448
46481929725872856 -530082672438198089246400
67111185729163791 9219933761518351898109720
