22939183499396640 -780872722939181918588400
6010984813229040 -1100660994882907183284000
-6846654327246960 3183326786490003110256000
126616628082627600 -44069775375198594745751040
315366764051078160 176461209740365104200532480
-29169468830033160 1435227651555920346766200
22730689528568640 661071551138317737303600
6330327649581840 -1006468614433908288748800
7236364067846160 -686732865039578895275520
132866558457100944 -47468101217532614440398720
8061179804755800 98147064467752071581160
-12021798293619600 -3539038586670274512857760
80033423804614800 -21428319080593906195820160
25686956235875280 1861735057456066470250560
23980468037191440 1250261734726685313734400
6117811945259280 1069879041825540951133440
-22133654647303152 3295295155426416313526784
8046172873728960 133245465611738366137680
62306132648194000/9 -21853255826363448758265280/27
-25905672696782832 2663109924419886097288704
