1023954875499704768946192075216 947768514705298312085686611240155608667330400
4264821807259640137577180016 187105976086167108358998666805956183854976000
113917476844419910281731337891 117760659397165616408888977994109253020879750
2091586315291991179800408533616 2958811398540727861524327819540742595275180800
3009000609124150562893895660016 5163228945917016948588783201974438845357584000
247219416418478795409243680016 961718430962100240661124332062185695524000
83599064583295983093114063216 138663736826490401862607842058980238372953600
-373019891595788398603255077072 246844164918115912102694568904612413523249728
278855864658849218369971241616 7034735944068052438811236605389638662175200
240670946077667904903394613616 13512953417893521442387124059545536948620800
-56185964301751136480853495984 217488119235895908603747554243353536998988000
-521986301727463780534549997544 36592895040692410893733656040037131669982520
171173684189821901009247789936 74791742258922320927230959554482099795799040
1230922797668580311903443488576 1283366684947416585881832197699862261695962320
167605360495876470913392020718064/729 488035299480099511233711739290339264375442918400/19683
232521597363652823005076636016 22248090580846018850144167974464594621376000
281383701535048202007460488816 11095104984867213159534131506479401285625600
189903977549153227412276996016 59692824859171110850668457034734070614296000
198481399001749326928034012016 52577668203572012434385932022958638364288000
247220510541202234137420994416 948586203508140100094936782514526901555200
238994905953043650784399315416 15463451243314864602784648073146104035608200
239366308131290971804330137456 15041466696454474760511017984324962619412480
-475041570184289687963206449984 163342098477581729928297009144061644496914000
326155292960994865792656130416 57480429679166656615272100645286492387596800
279216372204345598871354169216 7702600312678321023226535256045809435888400
243873358738330834780838712176 9268969941491994786643007415674605590635520
336473545753507704150570236016 67629055994639711534553600251465349660576000
-403108438284939796334362755984 231383879854494142745867034369453132669408000
211739126396819267608287452016 41272692064488133250907923139643068143232000
208032035206233010019234486016 44477108688961783457312270713455098080326000
