113658596 519727799360
-26660060895093323658071319313868685737668742760808616/181176521212612594195657684187321463261405529 -7259059687466345727866025648297573106603653471867492039585912845979129021189280/2438669095957375912526188304395259319101010397427667962257056765917
212720196 1843010234560
-104107084 -2955073987360
-126996764 -2995830798400
159747188 733421017120
194232116 1427459420960
-2780604 2171414991040
170240244 -928586787808
-259601236 511984425392
-258904204 -606033758240
138415212 443255049808
222691432 2075654704112
45624332 -1533574401488
622075716 14618900365760
