33804440048901720 -5331395817539595836277960
13331991540692880 396756561657108572805600
-15116861222952720 2332681049577404337240000
122543290103061168 42371692245889226912001024
-7005355944900720 2320537123053341107476000
1375222576432760 1568120255570763064736280
-22822352481486360 131676442960756568520360
10536888101822280 -221371923872847708675000
9613166960999280 -358042421159616516024000
-14189294627568720 -2382625392099328902240000
751218071000400 1643311583558857949274720
11587759225244400 157396488339725908278720
2361329065034280 -1443790724908423928751000
9963003004645680 -303575248488600242985600
-70662689975958960/49 -646575576003094643704724640/343
9290972725396560 -409431175048638778669920
10730321643431280 -197726937704560898040000
11353635139952160 -154177051421618425165680
12372057462623760 237361419832235350877280
-19103823217968720 1865634265242551575200000
