27448943034631360 202374974166327815523840
41260959102667000 4539070071192005079471000
22034486672632000 -1194540657156227694144000
3922471272637120 5368431535314822848839680
2650185617656000 5608013752215590234688000
132471168144665800 45645622765556315243437800
4155900604224520 5323658456568924875655720
70792451286858400 -15592627439803406766290400
18352127207520400 -2154498054201671927252400
432760511714411200 -283154390496784507532083200
167507140617035968 -66221549759663594328854016
24780067019981320 -424205211884790889748520
25753794028240000 22786144679035092888000
1190772012004406080/49 -194078212468523758612748160/343
32202913264995520 -1665173521564890571553280
23274040482842560 -856218463615774502480640
51157936905995200 -7966407250187643015532800
76143658455875200 17848876174685105649652800
78080932762951360 18683555884797143435996160
22034136462759520 1194634943017017214109280
