-30279696752 79405674979579200
93768764848 4908502948557600
200250629008 33264150623524800
88794703168 13629336708582000
226224188368 56216941740691200
74630171248 26755419787336800
81049059808 21528516945020400
182341115008 12992495570938800
-228171950192 76378123471809600
-116140027952 98508178970208000
-163132332752 98139712308271200
222143759008 52723279409194800
-185237954192 94275132616778400
85277087248 17552430231268800
200040595408 33065706385824000
180370916848 9364810748210400
93643641808 5290797003206400
