327979182944484360 115114857796726106993310000
78553792564565880 41554708524661028125272480
101631154544354360 11776004688962565897300000
95691509429496360 22789077393492479475042000
8329085417406006360 24021878302892475485073048000
2378992473235434456/25 2943297525457255070457540096/125
296103931252848735 -83103737918942919438487500
-325103809634843496 -67397400913418384254467840
306748360744020120 -93887113449787090494647040
258619363363614360 41705877950025598764000000
52359518837302680 -61883280654147633475192320
-132212075452385640 136365357000715150744800000
240790961427080600 -8149455547647023608527360
-343559968913378760 -8592785435263684123853280
-342728699719334640 -17027018981493821084421000
243442063297923480 16890697699297151982021120
-324609199430171640 -68211829149591736189854000
82672293953502360 37720625775754938158688000
-24176988244337640 -103984341270818552932752000
-176120162974721040 -139786515400563560545871400
