260333967433031760 -101076282963492472411776000
543160182555362640 -205260970454407411353089280
-227829648328373040 -414477685099960743293827200
-632007218579244240 298914019789798656110868000
-369158961559896240 -434302922897878486836384000
118718460749752560 -222862449389562233994256800
333571453163400720 32050855607581297330683840
367693958277906528 16388975214802100951664624
423236603163866760 68073393313930045800759000
434863978245188760 -80654835146241457950849000
347556646363418760 -20516955725501664197769000
296778477490662435 -66703654143805222435341450
353764441377683760 -16779199903448738700204000
1618493879096838704 1923728627502917670230204640
1974484906841939760 2649422683199208763578732000
2007268021185191760 2719638934024702634983584000
2005632388175748600 -2716122537772103093234360760
8924366397881510256/25 1942326403341325855625899296/125
500734876708482840 -155056842527956929593253480
1302058858552176720 -1338784515594738067132892160
