15071870064032660321460176 19117890416774337134096831899901469696
27481016537622260137616432 81500196143752424558941985153607509856
15548741136081798495757520 16616167986426483987116351553544028928
18816991335198540252004304 16386885919795070789613763971160630272
16506246280036089572052944 12701311263717012798250933530020256768
18357911316876050411387600 14198547245751954574031982252789411072
6977153566646504260759184 67019963963122105529853684094627344192
1503861171731092253599952 95029972178318808803498315508981186816
-17720234903757253188561536 143480525398161628414993629311861672112
184117526780319353186263184 2467349769588854549062566227134712640192
20061474479098086171077456 23902154330569409963287470850259584896
220567918332356127786239600 3247240880091830781041817959810870648928
10815323232881177865414992 44702344994290581558434374099019393664
13650898519489273353278672 27409248088477719718171578751797767424
1090892468856428204291544560 36017374961214352994404398233534747472672
18931402136088354290683856 16996817800042115302071073865479855104
76901923160836452351629024 629807968739103850870998758438734168848
20853071026395748471386032 29328843707118003216610655504242477344
-18012862472777008199610088 143412263896867545957049492714312412904
41435714849943079258607264 211187606104552621847947437458629652688
26241787466164737248114624 71156123591723399662652411300725490448
18668999058649606507716944 15632741728739823807640414537822319232
12526983149537396454501200 34269194269742349409997440123195443072
975630927978749053896510512 30459829321486508334805060909308771283104
440685864290688982028729552 9230428066204817915757042222917558064384
10525808534966961569964608 46446551509395848321824659018740929680
9595845385911597150932371664 939988985209958764322051032791182743494912
