7050934259419387792661026361615132741708871504/14196495602922719837106451084609 -60796639250508580020918956157652570755280332902537186284509119800800/53489892907342850407564474094228986220226525727
512785261583856 -83818044901519843200
-820147974473424 -20941181694182973263040
423515478284016 4059645483578825162880
576827225430288 -1745079486190152079968
3127481507486256 -168073312389899772081600
505936180831056 -675863794191495967200
-37906607434785456/49 -7576664705340300254599200/343
74192072035056 -15354567929680487164800
567205639870416 1311986416524189325920
2371600510159856 107867165398531046851200
785219632203696 10925757147362751270720
77101042099056 15276041966859007276800
512342301834096 178239107290975822080
29552519759301744/49 988849488746527524230400/343
499547819995056 -1002345714657242155200
510497417591136 375906796895895167760
4006965486490656 -247489235279327788203600
