44732141440706951488265848648 20354000959462164453487480120404693074431160
-57549020313138409020690738912 50539747817105403015644029560861826481592000
77753051654525904718980392568 3677773770719112348792045028252141526215080
223292996440691659177397124088 85048036177481595715779964387294749054455000
130289158770318515406447975588 22629588509365869673425536281856299889416500
98353880570516342466961304088 2730161975450583241331752743737231888925000
79928103391304163470316024828 1619810978234944273761676153099228395055740
99954254232324738982178267688 4097630773950745958424379295756375430216600
77636702848164047294186474088 3764564114224596918148518916639023887895000
61374233020045004733212776716 12735465417340110356857426557569227814097876
97418120145448443084121323588 1642027666345436887313387357233082636779500
161768501658982410486009976648 42295357965979541449858372500501608913920840
99773175942247012380813102988 3956960333741261283274024922153305681705900
1064213168439432794595817199388 1086957686348431702264936457571487495717419300
7490110695289784520067642377588 20494695369811300928040765554047984801022446500
80531187681294629520804029088 0
96837068176089026930182500963 0
