149664444192 29385325320253760
226581192672 -74759463888503680
126785652256 -24625817060846144
152665838016 -30504972275610976
67925520640 -40024054915164320
66535546912 40587089197420480
-17490438560 72322408650652160
913440357664 -851096174349239104
17399602912 60239221968548480
526263771296 354764441692854336
566676559712 -400264998975578880
101642012592 27936483927592240
131576165984 24998016024943104
-53926124704 82236715337297664
674237041312 528936698980655680
96382278112 29475255888158080
