-1690046286969141070125380 -1100737017192592684448742223501812000
-1764029404654497848190680 -822593178656637777516008819850576300
624341538294633682954984 1518215464776043418964974900331322860
-1843354213467062727363380 -196594300401452749650302397323010000
16704537809016593200814520 68085893271217263977615094420120159900
-1436751000245979415577300 -1624108251259526433622365704845237680
-1840754317623047887083380 -246266286482282416549099498871910000
2587792145927959954398520 4002130884754680773565204846517788900
1357883539851671236016620 1817901195111587411900955515126310000
-507663193992080556862880 -1968780096243100428886128863396200500
4182511055093796110062384 8313441776300181341581351924604953500
70920463242332707533506620 597152218451638468705884217262426220000
1025982069463538701576888 1565690857262913180347278039581672036
-571167978606905571129140 -1982354323701954024743064469128563760
4453920646595214820820620 9156135424092178529084552167770714000
