1600929324792973135594776315535724 -950923523319165463626156520955005969503070589106080
7887381317781687729632927512796684 100774227942831018188892636988690064779084614846400
299834741309735265775503777531524484 -163984159487304362202883909415306466956210077999729000
6120638204103997969640665087075484 369855539755456172859280345056184224925985789138000
13101954680756026295349784941401636 789499545690374921601646346600794176951646973309752
-16882994180227742537404871766183324 384026034542098236905573742914319843251018569018232
-17110546453222470441532621670442836 15391521403480420116096195520200752430965594651360
-3059166519128966081235161395807916 1376592878451458752173541046691669587849769969234200
21128238979886068591299767369182060 -2458275491565052814968372208878905078884378201398880
-16854374559394727662845235898992716 406966464281030453605402856333579881402393786819400
9991518331124412974458637463169996 -234108467149405282460742385591383099740469505295872
-17075940048009461609440009872687156 151559180783222061685767799468964424226837059182080
-10775975693030942833503766361833916 1538549912644799170820943722523710489766089691347800
7351437979641467369684478974922619 185692175300441455515399576980430158465274279874780
8351356076676345821925335784416284 -6345483474488364464031051231514593472655851543600
-12356706371022739522040726102012316 1441842069027258431685347442978062108111827725633400
8205715272626935520626445251143244 45630004128423428798276505137035583188400887022720
298355542475129931888908328029052880684/35721 36730729801007612212044115574983063958774201611412872960/6751269
25089510802459369405796991323054284 3396299544896141240157797555665025613967407830009600
