123915061058780578720 1063096245453008396193275712000
170859836539892610880 1947877713260469166548680249760
70068179232400696480 233566034500148653272809199360
57630146177102848720 116362883987503736211759438000
108096759239360842720 795285497760962466844283880000
60893493047018480800 136580754667418256125320615680
-78501703241278966880 748110803380341621462910886400
75197101246286348280 299576068353099561607386096840
-73392479498179432640 776064012590673501664308524640
64017730908962078920 164903437035221664047120206200
-108940825072664536280 153623319222435150946524513000
53306278479086758720 111361893331234909486858812000
108277808736026464720 798255612094977598092524370000
