217600686518691233964269079336 5469865949320772621625148844464786598497920
218362304893763703222639345576 1297297508653546184108001122421718629888000
271515643626614331384449265576 7650175821930010662939151140524405548032000
273415004603082934669327338408 11847787002002559043466795864654981798980608
53035287884896999823393388456 139410513584347233899813019638921989869680640
60233259159260575772677709736 134950843416927590996844041173747942137630720
-351976102449087131251335643224 220067801049597941881217700057825312983961600
-157930390121060667339390304824 230740415912735515114391724739536510036784800
120243025059825089284443357096 94618357578979182488806291879581534413967360
275872376221514244924555095976 15970210469052154765319230600140059809996800
590253014175849407659048228776 358375795756863139107360516648970481934182400
-179019164136367275767385883224 235012918258659059473748814644540887812441600
341274355159845383020060526376 85203168104123891624443291992631901061897600
-201749884216032493234367737944 238410081142915772174467349686792279116349440
474912607020436164053100803496 224989570762879027602413832274925289753469440
99983183339737973172984724776 108870230123371247434380047805850247111625600
1293183157653463429961653141416 1399695511003530978200213800910531295430225920
512116193810825496946407890856 266709788967908136034846746336687560024739840
-268482572592064821296931608664 240176745462842744800682164211228117536081920
-345584078229242207155039783224 222743069567912417890245773120052947262741600
218239063651019840775781291176 2490098830201190603918771959672815146092800
148575660967966186107637620456 73516731227371222205908187798624525300936640
172896845148307896385755561896 54081216887523360871526406318232996775669760
113804694942342832560743467176 99219571047407601344125302962645302829740800
1474513336385109011417444875176 1723319065423151583770892348301438742641075200
182177220844949644196306182056 46212029839535899307651187389091216795709440
3048341870796842303126229643176 5273294833777056574777025852023342849826611200
270131211197008710678505031976 1604493925564621722954028538546816633731200
944907325222895952823514865576 838299735286189235985178771737947081722368000
