497528605756 221881225055399700
559426820596 -225110761885638300
186211525276 431754857286074700
-833351961344 657775883442858600
-244832542724 718885797995952300
207396773276 -414245883285451700
555837952456 -224173271825832000
-637823715844 -769726612611133100
-216210172244 705708179730593700
913563564151 -590979656799681450
483981616832 224700380401766696
319090323272 322617140060534144
-674615455504 758248056809293400
-3052794124 -578187556768985500
-981027959149 -433226100442920400
56877803194156 428903773744305848100
5762465089339/9 7252267162430199700/27
4457289765920 -9233189241383758328
