-12202495299438064 141869155244829588278486784
1051527538031064656 -1021200402064401099993326784
-102618973869247456 175911389956607395399060752
123814072012723472 -64265030629402591492568064
93548853828242192 83862043987700808970043904
173471279749051664 30303502012666365881029632
268851133627905656 50804610922596523447188216
-158485164424808296 -188136773352235117972679208
514851990555675152 295386568046600399054509824
195852996194267792 16304238830266728365920896
375977301163067984 148998784858632462998532288
511881003467352080 -292053361087670292878546688
136952878178841104 -55424373438002175546331392
3716277303484752464 7131198930073114647182223168
330304492773988112 105351691744848696136045056
547883230855769552 -333009498135264961901357376
160987247217162200 38898124860158472893041512
140480459480757776 -53022238432445953521666816
614001614953593160592/121 15176539630575141195506628006144/1331
-407499863149992688 66881383397392626946630656
