-225265729753673687971275760 1608139338985528896040780860386071459200
125242724055315948910936640 101990235330106833873532774434015495600
-59811192439347327177637360 2502813447486788551333354626262254518400
125721699721807778571217040 105842234595215290554053623401244704000
168632741689242896082277520 929611513244591152886964936009557364480
104704184461779947491263440 360006355398874731609916940347430769600
77089099159918698121777040 835562401125185409282412952900959296000
148408925655212741677043600 508943903222498477985861317255440488960
91209488016571940090468240 596173350221052916824253182850950643200
115064624518592602293368720 181914344966411828043266623592054776320
124983422323185798446716720 100202672787429432087105314583282091680
287220384587474429226970640 3789407324602567204786910227428922569600
109712025061807330605332240 272254963747701746159548323129877852800
135843601593517935291988640 263866355392443733458075514252654832400
-245952175410542437870610800 285457010212860805765789518720140386560
133501980210913585936779920 221161173890901120252053202594197157120
-172240233020954811980658040 2547780253776352941665136378099441400680
201357018440817731384731280 1655778823554824063629224084628853149440
237049641632897044517655440 2504337006583049579855958767082199257600
104359401545768905666359440 366077478475518423771516116422549113600
774631111941038149940158640 20815279302770626017519614895934916037600
22806606116901648806545040 1650861342424974914051916067842206880000
91817921705320264272125840 585649460357745618225531910472790796800
127103566856422565318811560 120351319580911029805523759032620433080
9555755154289309693417040 1821576580755594740604528860972635704000
117838162114453062560367440 139837027419499151103701478917333774400
124990783053006707841967040 100250385003870585574161586648223454000
-94888303092724535891651440 2687380028019567566435423826807697486080
