-67024755035626120 13243013026098786057647520
10360292569549400 -9834276934657029085459200
878673725966678000 821107414766248963159770600
-27492957671133400 -16159387486944725371530000
-220056501699652208/9 428880273641332473762810008/27
-58938872990245552 15229431101317208523897864
51962120603685560 5580902905819327656329760
-61814233985808400 -14650482810350454496065000
50036432450579424824 -353939537780145412018810834080
2583314205689003600 4150567569834608183516619000
594846510790455128 -455742013429530782856147456
51642933057133400 5490703233152994245875200
1257952274815841600 -1408756242897667299956775000
31067971673529695 -4865133861391876815959580
-32734497684801400 16511447507542456803894000
39453937479088400 -3717888568947069987670200
198693813004753880 -83743310337443221175867520
-24811182945187192 15919608655189758720347376
-24490608499502800 15888377992074399253938600
-18580426741023880 15219281895397478463845280
40909697197712975 3702679906430879686494000
