42541475600133960 -4970361528266775189463200
91775998330880040 24940149044425360261950720
-3759864604925265 6363684423182159097538800
32058255050234280 1296300473708142454442880
20005221631991760 951898127169371372304600
500788643640062760 353017463085529391226854400
274676657880360 -5697390834866526961651200
-37327226920215640 7472915614118191804195200
110383877577153960 34009867277920758697756800
157978102830744360 -60489105874135522424755200
550730704505459304 -407391425170817778486619200
33085533289953000 1700160147650394588882240
-46856272936785720 -4907742169550691116337120
11578713239340840 3368618539597511245393920
510585876923467080 363480335706883788705517920
30260122465454760 -216478789349771771222400
30251029552905000 200309023992201318005760
19928623105329960 983909592913818921292800
4752236476017480 4856944359963588714787680
-695328804556940760/49 2625814409109194033929411200/343
