1747506188637596 43381326789085213446120
1503962446021796 -55048388400772829406720
1903353464533196 -38313538308941538583080
1238504414057156 69919398715117091227200
579770808085271 -107344757188963062204480
-606680811769984 161629900593389345919420
1899346432862756 38408268588107559105600
5599603383739076 351226054159533631419840
1653264197559056 47511137715065209435500
-1966714632935044 189623963067401065894200
828731326615076 -93517640770113881691840
11307513655048556 -1149478472558572051995000
3891168477894476 168301415844894001896360
2932654686466556 -82247342026389409827000
4637086433955776 -244284681935044223515260
2337572040616496 42997159499455202751180
4007716202623556 -179733500238893661360000
1529070921294968 53718818409691938752292
1870032471979556 39165101296633833480000
13311628208755276 -1486259156466894417788760
