6652451314078788976887828 7619099043344073896301461082329425408
8151723904093719576492564 234725164364674037241661855123398656
7644835527201096790933780 2893149032426622912229001257784274176
10801980012196438113846804 13384153101370761136097224846205010944
8930799735068094824790548 3471057774309638059110667007540027392
8458725740270867167780372 1038976150510431800929496330231303168
8619357126385682973473876 1873667023741211761192593063135254720
8150700872862198237592340 243895585379285093624254755995161856
6271365934476326787848212 9375192928881536600828245181325751808
7746949757531493407476276 2392082124529377845647489770987463840
8446061639923030147265940 971502095431596232783319825735606656
-2389148035966809671127876 39887754045857270916941854837208303656
16418180111412978826016788 46912743022767789506235207066421073408
5758749147594303193887252 11687484338923587907622616244519933952
7708235076155836077521364 2582516928170466237548235532728177344
8542661680545565760993812 1478143626314352706195269453747822592
6954917249845163216110100 6202732847871619245785720649154471936
8158630140286217201003092 163723271328864078855587260136952512
-15506665315650583591523308 23386757101322584157333299310981913088
8342752135441585156384788 373740991277145130215017088502446592
8071426510030613793993628 744816442168012761168061727082387592
8049813925421786745268740 861800057363370506773025073531147056
6555803806667846494525460 8067455266476020373718688084268496384
9041734837427960462290964 4041698013580966470293477038730489344
11024973194447508138131988 14608600719572760011264531419018385408
7545564022314320101284884 3376892393693546832836294939394962944
7857944741094888799512852 1842128464396955241497819583575172352
