375691046514407324568 1380289465518463422671618390400
-200517268294853581032 -33902867095599205048464584236800
-342344890051041159432 -37614159663824002615413895605600
-448904346880988953032 -39849637531571979453379235272800
-25528457058751860552 -28114297314620510785383304927200
-247903207033685145552 -35236667719768291842407436772200
35223806719475518027608 6605271818825877808041445178472000
4254772105912414959432 262368197737821198404836182562032
156232133695348017048 20322493904881398931460422358400
1224688133816933842968 2232198815235313477209909964800
-763596066303026842392 -43511823217236642372513276714000
8233725584043938066472 735979563891073042788491328891312
-268567728817069704177 -35788685083209805262308089838200
1400339681329083671038968 1657104364369043782147578250882576800
932154912589204186823448 899977423626361851457507638156460800
2093249728633979391768 74285308739215094966482828896000
1608037437941548955208 39013968003317151510012450166800
23056454661499558039104792/11881 81646535672530081141547149534155486528/1295029
-1599437194911187132392 0
