656705196842682416 491532504173534947803039360
-314721605734916224 -939836855004509173224240
1702531267513125296 2194314344146367753611392000
78109607625513776 -47102895485626350701285760
453468022433198096 258587507900535177465410400
68991208528691696 52475543089560674092900800
-262948443216828304 95468546615446653637060800
125364045945646328 -13113114552112829469346152
-313807249077818704 14257951449909270396384000
-8864305282968304 90871996828306710486319200
199362575122305296 -24110662984396202793852000
126883493759454896 -11429110726228137779155200
119068273089257648 -19012351441024831425000192
111538517929290608 -25003764246254932266343488
-10645627140535504 -91600604065400633390678400
3283002861762099632 5928421607011625748483824640
-299749888338482704 -55854438374472681763224000
306386459648370608 115760116627118182729216512
-7446426684790864 -90287167689051611976184320
510910955979837296 -320435216023083629943384000
