2567678685967528100800 15340980671456483016560127340800
2379978763377533886400 21430783715838064687805490604800
832787366432161916608 133495525762920877104553972391424
-2961444617317238044160 -255912846763520229244331659248960
3219599097232511761600 62674209919608679960071888384000
309206395051916770240 165876433445563327806176876578560
2811645198778240152160 -27594087933640789302030589940640
3661942269304378427200 -104916383787119572496383700745600
-105175642077153880400 -188653461635824667614189667610000
2839635278378984674960 -29738102946559605019364523189840
3501123256462522744600 89238910941806450059169076285000
6575137104136478119360 434942103022635917616946216738560
9240836652983219784640 801170519851258807076463625148160
7637473958892998708320 -574139642150043468204413345557920
2693555241682654686400 -19666819516614540887053811404800
-4900564309290231444800 108193432712311880028557104473600
2567537819172853294600 15339986615162063614970515305000
7118333030067300926080 504955964987529024441704497312320
5347246737620160541000 286057233991699597542420235530600
2367097643577730137280 -22215880071703103307018127994880
18266064198769131312400 2402224243710742395777636034030800
-1999863561737139010080 -254274545014769682715595331528480
4956120762577287076200 -241502500818507079515359343444600
3417029330608564213375 -81177702697620999893996955782400
39474445857928475325736/25 10142479027239204617024849699687784/125
