231732130398044088 -133476327395514204934328496
343801789362568272 36465876405161205557274720
366808449529639776 -29560225910178267658636128
351280677648543312 -32530344334443482912779680
649320560307525072 -335640081894604079855058720
-577632585131117088 -367849923015645544620595680
109145429842338977592 1140252629489431031651695667280
327051983255582397 48504699838226895801382845
139500674412078792 211795092879619995416951280
490297840649372568 -141956800454350649209858416
4643666600535702552 -9918709234434648089751188880
437197545544099152 83812596878867138467305120
363202520526225192 -29498287365304817820480720
702681083273025372 405675129889762376290487280
746933987092032552 465505818024229692318488880
164368556719667112 -191491364449002040185082320
334038930411141768 43098167900566024601571216
422817558585315552 69136836715746402595718880
418481708863317912 64860195708736202509054320
615194888707069392 292103089923771448141266720
757837105044141792 -480484571364661047088338720
