-1996620936025304331695028 3220075011093237840152678882163762944
56559607608763057888671116 425418960214395519764896120055343422400
660104554265588334595316 4466476771170335988241064288788683000
1853373350542789049996876 5160135052209415980646741045258195200
-1713961246176560338955724 3665409330200294411988638840663299000
-12306835335518681223100 4395941861836969432388888777451886632
-150662925606241105429684 4387647145641136839576735880692672000
-2357702706088689002575060 2245277655875010475779535827448890912
-1926929501487414181012660 3347921807978766979304965539306060288
14763435707767957244297500316 1793829476650547501471544191615437299810000
24520196697833735913178116 121549006886335160059137244237644855400
398516177256129264811340 4426486684109012596337557555319027712
-1344277600439490186054324 4028223680798065037528756378676838400
13185264749208086287541036 48147919971928249958506787507547156000
957802442202736237963676 4548611574645733978907358484977627600
4464145627086071625939276 10513569380223461371240918629747328000
4417970047905090308588876 10381704070417120601223132572128972800
-2227660361831739592902324 2675396710349419534819642488140825600
570072826156065599482201676 13611182834980998084211947823986599673600
-2621459647861193071020724 0
