213759234444 -26581740075072000
-86448163956 -142596236597068800
29255449081723857403379365951422615765697189911303235209035982035021964/125772355076495203884142339538748960669675263071125068501881 -1805608216738694225042560130609372336660822855591795343596797603279613004031024403903855370244148180517600/44604409026261999376457756571463277415394788649780634375152259591655910882066393998246221
185762334604 -12289631610081280
189707541324 13168526201288640
166259356044 16975358729971200
186631366404 12428236098958680
193871898444 -14705622363096000
194653043340 15050780304618240
-185242714356 156553831883030400
-338121258356 -86645989918342400
185325760284 12232408726072080
210707044044 24485969119147200
72227953644 -74016970148066400
254374034124 -57746890344911040
111678980844 50466784053160800
