-23906541146055226484256507156 -11892145292974517924264921193719463062621760
2381665555149961037775066364 7228032234984912529743429682638469862517200
9738251489172433100428116300 4936704847287936480723960643794591250415520
14052296109377740684563915924 3056675324908738523008723042860496950622920
1598728580996207032533309676 7436285901898442204837920329045441960219712
-42859016153187527422096073004 -12268342726540722517888336958162387675916552
-64136881827390505101750006396 -6975814609902748635682253901439860384321480
4743314689420857569703196524 6564865988135500881274577529434412739581120
-44762790331541639082874041636 -12124229257670397326166106647101093978977200
10537265785242721328168489044 4635872169473745545422336318687680164545160
256888599913476222277738902364 126526579725159205571931466845965067778737200
95781701749407665887750250316 23780410082685040632630181187389833458090592
1004450148311505644119946017663284/72361 61285443942762434226950030924066607681998165615640/19465109
52376457602333181731025386604 552416662827000469446497774776679013587520
10759105338164359669698208946044 35290426773850091796316194256993883702547594160
-10508056155919767317327445876 -10074870207174117252469714122855219499588320
53739482727060183318446204588869516/1026169 543274296148820655974555809169198034253640780638400/1039509197
-8513907698813396435634110978090004/243049 -1494778819216418245483666377470386274011564991550240/119823157
-29459754995367231031094502836 -12298224348274375453272311657243068377692000
3142746357643151665083532771356 5570297502438336633825716043481646356308998928
-69288588686111702678625616725 0
