15881076076075756 -1073812965519429320515200
-23031959667837844 1175150097694509418649600
250537140727276 -1937983063322046519792000
4291399471936876 -1458239235420883790534400
39420403960431676 -6960905269323218514334800
332350012725231124/49 -392019095360648500897019400/343
-11702964711684500 2684482107853170501868032
42642575891615596 7960824707451575336582400
19734743704895596 1790093151130074297062400
643489730785305196 515933545280319922979059200
970021414027276 -1858091274337267448388000
27750306436739692 -3674205706278555958887936
27118436194559596 -3512852855308425075033600
4353309682638956 -1450433820102823833472000
-14979883267324820 2614038902918536908552192
21526132808025196 -2176203494499208450099200
22685643694986220 2438423116653594065254272
1652397678117961996/121 -1060711834653160488248486400/1331
-14418985830260804 -2638124554667132144437200
-12232615761210260 2683792455776640516851712
13922357230509676 -821222028693195438067200
