1319192416225587080 1179230628511841747250123000
1699715531676858080 -1870375300024101166293504000
97906782173614760 -850410571808476098466539480
-609498066667282720 -1199370949494910158428467200
173880818846086880 -791377059526065535742668800
771821759660807864 -532930947280240290941947320
405699594375257840 615536637454995098067023760
-46650075301589920 956445149108494462365936000
11700197182623176480 39836611403851580484016449600
-1033530421702377760 -1061109904718787144162140160
5493658334168108000 -12622690247530334310018443520
269961296557153551920/1849 64654403775902974801395133974000/79507
7895253644257054496/25 -85090962589002116343104878656/125
-436784684763558760 1162511283906905919072779160
1118168932379535200 872214472112295620507921280
16954631940896607680 69656518750508314433762085600
821385741535046480 -558888117623636557693820400
1660688552962484768 1794370523221547764518153024
443350146574452320 -590833107379384776447116160
473411698394163680 572696265173321034088761600
-108726377185575232 -998159961100486743476906976
