5677805982150044674738333248 80133089090263964486612858280410537189760
5168563501726813807210398528 21933572799206517113147856513067512224640
-6216510158285873877407810112 703307043938694753713464993384536114639360
5591835342745351039960586688 69428448596673005158927061680518083151360
7560552283132942183445201568 333585011680282686659072137376582963316960
5107709743485003824600918208 18019970550428108757616490193541789712640
4870563539817605042175769728 28032090951376256082789784202480834583360
4811499357534417641771965008 34049799100711754650634500714956456698640
6896348540710684326185361168 240812309657372186264392826066217196121040
5011331763474428853484830528 17571051656066629847358500904031300544640
5371674091311074339752125888 42917569292544794764384910546780595279360
-7872442813425520279100064192 611456559884158536629248752770542381664640
4746492455728847512675032768 41072391869803584161236808775466735560960
4986580647278415906918800688 18706322465543587576281449295995133561360
1639777906822915872789339648 370456036379314924024960201039684554077760
5276514363335575178341449648 32278027607140789119703865785677968027760
5093059617284492311880789088 17437799330597293219284136522556525427360
4746787625419024326317118048 41039892047540815501249039402850745425760
4971789231633875827126957728 19577903866283607829210854789993388196640
5114678750242410410396822208 18353375041298701152980790649967724207360
4379637804853318366167901632 82898932226217404471727421425411513964032
4775093452112531898166022928 37946153329091877849497077413291837038640
5305154313050865482598916248 35387366891959514141953336321049106525240
4945626297251185122192742848 21407579676993262540338334859099205941760
-428732249904312595244716992 539690122787658867316500717271615684191360
5826757919404154600391349008 98961781937303746355021040571942368878640
4050045755370735610970406648 120645516905057930468654835922793602107240
-6426130106983362614462497152 696831106895905613162785277342022321858240
