111272893256 -99098148339008000
1037285398856 985381939411251200
184939970376 -50530146016663040
378983303496 -135962896330526720
240638114696 -30446416419648320
176944608456 -55620012667273600
-438818393944 123104600241677600
462176930376 -221321368798216960
165733717856 62966444204645800
211287513416 -35937224495943680
381486429576 -138407226664965440
228250499456 -30625116874843400
204552429256 -39174946242768000
252056365176 -33360051000181360
138226029256 -81329944437168000
170908486728 -59553377196115712
2179497136264/9 828138755160720640/27
